$ 1 0.000005 10.20027730826997 50 5 50 5e-11
w 128 112 272 112 0
c 272 112 272 240 4 1e-12 4.999999800936755 0.001 0.1
g 272 240 272 256 0 0
w 272 240 128 240 0
v 128 240 128 112 0 0 40 5 0 0 0.5
v 384 240 384 112 0 0 40 5 0 0 0.5
w 528 240 384 240 0
g 528 240 528 256 0 0
c 528 112 528 240 4 5e-12 4.9999990224187005 0.001 0.1
w 384 112 528 112 0
v 128 432 128 304 0 0 40 5 0 0 0.5
w 272 432 128 432 0
g 272 432 272 448 0 0
c 272 304 272 432 4 1e-11 4.999998088287264 0.001 0.1
w 128 304 272 304 0
w 384 304 528 304 0
c 528 304 528 432 4 2e-11 4.999996344623341 0.001 0.1
g 528 432 528 448 0 0
w 528 432 384 432 0
v 384 432 384 304 0 0 40 5 0 0 0.5
